0.000000000000000000e+00
2.020202020202020332e+00
4.040404040404040664e+00
6.060606060606060552e+00
8.080808080808081328e+00
1.010101010101010210e+01
1.212121212121212110e+01
1.414141414141414188e+01
1.616161616161616266e+01
1.818181818181818343e+01
2.020202020202020421e+01
2.222222222222222499e+01
2.424242424242424221e+01
2.626262626262626299e+01
2.828282828282828376e+01
3.030303030303030454e+01
3.232323232323232531e+01
3.434343434343434609e+01
3.636363636363636687e+01
3.838383838383838764e+01
4.040404040404040842e+01
4.242424242424242919e+01
4.444444444444444997e+01
4.646464646464647075e+01
4.848484848484848442e+01
5.050505050505050519e+01
5.252525252525252597e+01
5.454545454545454675e+01
5.656565656565656752e+01
5.858585858585858830e+01
6.060606060606060908e+01
6.262626262626262985e+01
6.464646464646465063e+01
6.666666666666667140e+01
6.868686868686869218e+01
7.070707070707071296e+01
7.272727272727273373e+01
7.474747474747475451e+01
7.676767676767677528e+01
7.878787878787879606e+01
8.080808080808081684e+01
8.282828282828283761e+01
8.484848484848485839e+01
8.686868686868687917e+01
8.888888888888889994e+01
9.090909090909092072e+01
9.292929292929294149e+01
9.494949494949496227e+01
9.696969696969696884e+01
9.898989898989898961e+01
1.010101010101010104e+02
1.030303030303030312e+02
1.050505050505050519e+02
1.070707070707070727e+02
1.090909090909090935e+02
1.111111111111111143e+02
1.131313131313131350e+02
1.151515151515151558e+02
1.171717171717171766e+02
1.191919191919191974e+02
1.212121212121212182e+02
1.232323232323232389e+02
1.252525252525252597e+02
1.272727272727272805e+02
1.292929292929293013e+02
1.313131313131313220e+02
1.333333333333333428e+02
1.353535353535353636e+02
1.373737373737373844e+02
1.393939393939394051e+02
1.414141414141414259e+02
1.434343434343434467e+02
1.454545454545454675e+02
1.474747474747474882e+02
1.494949494949495090e+02
1.515151515151515298e+02
1.535353535353535506e+02
1.555555555555555713e+02
1.575757575757575921e+02
1.595959595959596129e+02
1.616161616161616337e+02
1.636363636363636545e+02
1.656565656565656752e+02
1.676767676767676960e+02
1.696969696969697168e+02
1.717171717171717376e+02
1.737373737373737583e+02
1.757575757575757791e+02
1.777777777777777999e+02
1.797979797979798207e+02
1.818181818181818414e+02
1.838383838383838622e+02
1.858585858585858830e+02
1.878787878787879038e+02
1.898989898989899245e+02
1.919191919191919453e+02
1.939393939393939377e+02
1.959595959595959584e+02
1.979797979797979792e+02
2.000000000000000000e+02
